#Coor		Free	+/-		Prob		+/-
-179.000000	0.747141	0.010274	0.013632	0.000056
-177.000000	0.652625	0.013163	0.014158	0.000075
-175.000000	0.546656	0.013539	0.014773	0.000080
-173.000000	0.486351	0.010809	0.015134	0.000066
-171.000000	0.517864	0.012200	0.014944	0.000073
-169.000000	0.607761	0.014564	0.014415	0.000084
-167.000000	0.692846	0.012406	0.013932	0.000069
-165.000000	0.796950	0.011713	0.013362	0.000063
-163.000000	0.867184	0.010505	0.012991	0.000055
-161.000000	0.937966	0.010767	0.012628	0.000054
-159.000000	1.037066	0.011984	0.012136	0.000058
-157.000000	1.238079	0.011009	0.011196	0.000049
-155.000000	1.524465	0.009979	0.009982	0.000040
-153.000000	1.847894	0.011597	0.008768	0.000041
-151.000000	2.169475	0.011187	0.007708	0.000035
-149.000000	2.478449	0.010813	0.006810	0.000029
-147.000000	2.793505	0.011042	0.006002	0.000027
-145.000000	3.179434	0.012924	0.005141	0.000027
-143.000000	3.693307	0.008188	0.004184	0.000014
-141.000000	4.319309	0.011933	0.003255	0.000016
-139.000000	4.927892	0.012490	0.002551	0.000013
-137.000000	5.500064	0.012510	0.002028	0.000010
-135.000000	6.030560	0.012129	0.001639	0.000008
-133.000000	6.578577	0.014002	0.001316	0.000007
-131.000000	7.167424	0.012125	0.001039	0.000005
-129.000000	7.889936	0.013584	0.000778	0.000004
-127.000000	8.638957	0.012996	0.000576	0.000003
-125.000000	9.419939	0.013961	0.000421	0.000002
-123.000000	10.180473	0.014477	0.000311	0.000002
-121.000000	10.880874	0.011811	0.000235	0.000001
-119.000000	11.552551	0.014726	0.000179	0.000001
-117.000000	12.231963	0.012493	0.000136	0.000001
-115.000000	13.040805	0.009678	0.000099	0.000000
-113.000000	13.897480	0.012463	0.000070	0.000000
-111.000000	14.723982	0.010408	0.000050	0.000000
-109.000000	15.515605	0.012277	0.000037	0.000000
-107.000000	16.273015	0.011576	0.000027	0.000000
-105.000000	16.932292	0.012368	0.000021	0.000000
-103.000000	17.530189	0.013567	0.000016	0.000000
-101.000000	18.106131	0.010596	0.000013	0.000000
-99.000000	18.671587	0.011164	0.000010	0.000000
-97.000000	19.261368	0.011845	0.000008	0.000000
-95.000000	19.763182	0.013821	0.000007	0.000000
-93.000000	20.117648	0.014092	0.000006	0.000000
-91.000000	20.335950	0.011929	0.000005	0.000000
-89.000000	20.370652	0.011834	0.000005	0.000000
-87.000000	20.257017	0.011183	0.000005	0.000000
-85.000000	19.991549	0.011521	0.000006	0.000000
-83.000000	19.592697	0.013033	0.000007	0.000000
-81.000000	19.052620	0.011716	0.000009	0.000000
-79.000000	18.561065	0.014376	0.000011	0.000000
-77.000000	18.118209	0.010366	0.000013	0.000000
-75.000000	17.634277	0.008644	0.000016	0.000000
-73.000000	17.030757	0.009978	0.000020	0.000000
-71.000000	16.323807	0.010928	0.000026	0.000000
-69.000000	15.560683	0.010614	0.000036	0.000000
-67.000000	14.738945	0.013514	0.000050	0.000000
-65.000000	13.852130	0.010339	0.000071	0.000000
-63.000000	13.053891	0.010735	0.000098	0.000000
-61.000000	12.328068	0.014270	0.000131	0.000001
-59.000000	11.608348	0.011093	0.000175	0.000001
-57.000000	10.858308	0.011639	0.000237	0.000001
-55.000000	10.089259	0.010667	0.000322	0.000001
-53.000000	9.255925	0.011483	0.000450	0.000002
-51.000000	8.391034	0.011768	0.000636	0.000003
-49.000000	7.568296	0.012025	0.000885	0.000004
-47.000000	6.834533	0.013990	0.001188	0.000007
-45.000000	6.156422	0.012004	0.001559	0.000008
-43.000000	5.487805	0.012414	0.002038	0.000010
-41.000000	4.796193	0.011734	0.002689	0.000013
-39.000000	4.100680	0.014342	0.003554	0.000020
-37.000000	3.422612	0.011358	0.004664	0.000021
-35.000000	2.822603	0.011419	0.005932	0.000027
-33.000000	2.319561	0.010686	0.007257	0.000031
-31.000000	1.935076	0.010317	0.008467	0.000035
-29.000000	1.590852	0.008046	0.009720	0.000031
-27.000000	1.226152	0.008731	0.011250	0.000039
-25.000000	0.864207	0.009883	0.013007	0.000052
-23.000000	0.591402	0.010400	0.014510	0.000061
-21.000000	0.364175	0.011054	0.015894	0.000071
-19.000000	0.323324	0.007021	0.016157	0.000046
-17.000000	0.311244	0.010894	0.016235	0.000071
-15.000000	0.271617	0.010403	0.016495	0.000069
-13.000000	0.221650	0.011057	0.016829	0.000075
-11.000000	0.162945	0.008579	0.017230	0.000059
-9.000000	0.106009	0.013649	0.017627	0.000097
-7.000000	0.121120	0.013031	0.017521	0.000092
-5.000000	0.216096	0.011824	0.016866	0.000080
-3.000000	0.329498	0.011606	0.016117	0.000075
-1.000000	0.376286	0.012759	0.015817	0.000081
1.000000	0.365853	0.010676	0.015883	0.000068
3.000000	0.291169	0.009021	0.016366	0.000059
5.000000	0.145083	0.009899	0.017353	0.000069
7.000000	0.012050	0.010844	0.018304	0.000080
9.000000	0.000000	0.014160	0.018393	0.000105
11.000000	0.049595	0.012432	0.018031	0.000090
13.000000	0.106867	0.011545	0.017621	0.000082
15.000000	0.148531	0.012819	0.017329	0.000089
17.000000	0.175704	0.011921	0.017142	0.000082
19.000000	0.205526	0.009138	0.016938	0.000062
21.000000	0.270199	0.011727	0.016504	0.000078
23.000000	0.448148	0.009771	0.015368	0.000060
25.000000	0.748971	0.011773	0.013622	0.000064
27.000000	1.097230	0.009472	0.011847	0.000045
29.000000	1.419105	0.010332	0.010413	0.000043
31.000000	1.741530	0.010611	0.009150	0.000039
33.000000	2.084786	0.011836	0.007974	0.000038
35.000000	2.500085	0.011682	0.006751	0.000032
37.000000	3.090343	0.009674	0.005328	0.000021
39.000000	3.770944	0.011756	0.004056	0.000019
41.000000	4.468287	0.012929	0.003067	0.000016
43.000000	5.172002	0.013580	0.002313	0.000013
45.000000	5.867998	0.011567	0.001750	0.000008
47.000000	6.550631	0.014993	0.001331	0.000008
49.000000	7.301984	0.014734	0.000985	0.000006
51.000000	8.167332	0.012596	0.000696	0.000004
53.000000	9.074153	0.010843	0.000484	0.000002
55.000000	9.936096	0.012911	0.000342	0.000002
57.000000	10.755139	0.013219	0.000247	0.000001
59.000000	11.558063	0.012629	0.000179	0.000001
61.000000	12.282999	0.014276	0.000134	0.000001
63.000000	12.995274	0.013205	0.000100	0.000001
65.000000	13.838102	0.013665	0.000072	0.000000
67.000000	14.660332	0.015316	0.000052	0.000000
69.000000	15.448344	0.012953	0.000038	0.000000
71.000000	16.183927	0.014168	0.000028	0.000000
73.000000	16.848619	0.011984	0.000021	0.000000
75.000000	17.449053	0.012023	0.000017	0.000000
77.000000	17.971348	0.012385	0.000014	0.000000
79.000000	18.414151	0.014988	0.000011	0.000000
81.000000	18.864845	0.015369	0.000010	0.000000
83.000000	19.310254	0.013269	0.000008	0.000000
85.000000	19.697412	0.012742	0.000007	0.000000
87.000000	20.000106	0.014067	0.000006	0.000000
89.000000	20.118735	0.013295	0.000006	0.000000
91.000000	20.081681	0.015151	0.000006	0.000000
93.000000	19.892513	0.014312	0.000006	0.000000
95.000000	19.538739	0.012668	0.000007	0.000000
97.000000	19.072136	0.008529	0.000009	0.000000
99.000000	18.477362	0.014780	0.000011	0.000000
101.000000	17.911422	0.014245	0.000014	0.000000
103.000000	17.343263	0.014182	0.000018	0.000000
105.000000	16.760174	0.014826	0.000022	0.000000
107.000000	16.078043	0.013431	0.000029	0.000000
109.000000	15.323451	0.013650	0.000040	0.000000
111.000000	14.529182	0.015208	0.000054	0.000000
113.000000	13.674535	0.014206	0.000077	0.000000
115.000000	12.826073	0.016483	0.000108	0.000001
117.000000	12.015357	0.014700	0.000149	0.000001
119.000000	11.284195	0.013236	0.000199	0.000001
121.000000	10.587466	0.013273	0.000264	0.000001
123.000000	9.839875	0.013565	0.000356	0.000002
125.000000	9.072156	0.016090	0.000484	0.000003
127.000000	8.277117	0.014344	0.000666	0.000004
129.000000	7.488631	0.015124	0.000914	0.000006
131.000000	6.807244	0.013174	0.001201	0.000006
133.000000	6.269914	0.014103	0.001489	0.000008
135.000000	5.781980	0.014042	0.001811	0.000010
137.000000	5.311424	0.013815	0.002187	0.000012
139.000000	4.817468	0.014066	0.002666	0.000015
141.000000	4.291059	0.012020	0.003292	0.000016
143.000000	3.766706	0.014230	0.004063	0.000023
145.000000	3.293276	0.013545	0.004912	0.000027
147.000000	2.919750	0.011363	0.005705	0.000026
149.000000	2.596316	0.011665	0.006495	0.000030
151.000000	2.326594	0.015993	0.007237	0.000046
153.000000	2.001542	0.013028	0.008244	0.000043
155.000000	1.703304	0.013756	0.009291	0.000051
157.000000	1.436848	0.013548	0.010339	0.000056
159.000000	1.247018	0.013022	0.011156	0.000058
161.000000	1.157949	0.014362	0.011562	0.000066
163.000000	1.087107	0.012107	0.011895	0.000058
165.000000	1.010663	0.010151	0.012265	0.000050
167.000000	0.905551	0.011716	0.012793	0.000060
169.000000	0.772810	0.012050	0.013492	0.000065
171.000000	0.645052	0.014203	0.014201	0.000081
173.000000	0.610285	0.013299	0.014401	0.000077
175.000000	0.669781	0.013883	0.014061	0.000078
177.000000	0.756975	0.009884	0.013578	0.000054
179.000000	0.794068	0.012307	0.013378	0.000066
#Window		Free	+/-	
#0	0.000000	0.000000
#1	0.121696	0.007222
#2	1.576448	0.009305
#3	4.978039	0.011887
#4	9.884742	0.015561
#5	15.498153	0.014127
#6	19.149382	0.014441
#7	16.228466	0.015087
#8	10.531923	0.016993
#9	4.940713	0.017272
#10	1.016416	0.016019
#11	-0.393781	0.017190
#12	-0.431841	0.018569
#13	-0.509844	0.018650
#14	0.840551	0.017539
#15	4.637613	0.018364
#16	10.397220	0.017811
#17	16.095875	0.017782
#18	18.913933	0.014931
#19	15.298452	0.014899
#20	9.566018	0.014839
#21	4.833791	0.011389
#22	1.724965	0.009571
#23	0.312441	0.005276
#24	0.000000	0.000000
