#Coor		Free	+/-		Prob		+/-
-179.000000	1.823085	0.003318	0.008444	0.000011
-177.000000	1.790127	0.003282	0.008556	0.000011
-175.000000	1.787579	0.002920	0.008565	0.000010
-173.000000	1.802675	0.003330	0.008513	0.000011
-171.000000	1.844520	0.003339	0.008371	0.000011
-169.000000	1.893411	0.002205	0.008209	0.000007
-167.000000	1.957801	0.003393	0.008000	0.000011
-165.000000	2.044276	0.003578	0.007727	0.000011
-163.000000	2.137966	0.003609	0.007442	0.000011
-161.000000	2.258031	0.003019	0.007093	0.000009
-159.000000	2.396399	0.004221	0.006710	0.000011
-157.000000	2.470799	0.003856	0.006513	0.000010
-155.000000	2.470798	0.003516	0.006513	0.000009
-153.000000	2.444138	0.003728	0.006583	0.000010
-151.000000	2.422758	0.003442	0.006639	0.000009
-149.000000	2.386261	0.004353	0.006737	0.000012
-147.000000	2.356531	0.004065	0.006818	0.000011
-145.000000	2.341366	0.004141	0.006860	0.000011
-143.000000	2.325076	0.002949	0.006904	0.000008
-141.000000	2.256715	0.005288	0.007096	0.000015
-139.000000	2.102290	0.004318	0.007550	0.000013
-137.000000	1.961360	0.003505	0.007988	0.000011
-135.000000	1.850137	0.003563	0.008353	0.000012
-133.000000	1.793491	0.003269	0.008545	0.000011
-131.000000	1.804011	0.003627	0.008509	0.000012
-129.000000	1.849115	0.004531	0.008356	0.000015
-127.000000	1.886503	0.004032	0.008232	0.000013
-125.000000	1.889183	0.004065	0.008223	0.000013
-123.000000	1.921072	0.004024	0.008118	0.000013
-121.000000	2.015546	0.004123	0.007817	0.000013
-119.000000	2.190974	0.004005	0.007286	0.000012
-117.000000	2.447968	0.004090	0.006573	0.000011
-115.000000	2.763793	0.003737	0.005791	0.000009
-113.000000	3.078576	0.003474	0.005104	0.000007
-111.000000	3.381966	0.004379	0.004520	0.000008
-109.000000	3.732528	0.002973	0.003927	0.000005
-107.000000	4.181767	0.003890	0.003280	0.000005
-105.000000	4.710160	0.003701	0.002654	0.000004
-103.000000	5.334736	0.003938	0.002066	0.000003
-101.000000	6.000241	0.004380	0.001582	0.000003
-99.000000	6.636371	0.004102	0.001226	0.000002
-97.000000	7.222742	0.004727	0.000969	0.000002
-95.000000	7.774157	0.003425	0.000777	0.000001
-93.000000	8.274040	0.004687	0.000636	0.000001
-91.000000	8.683776	0.003999	0.000540	0.000001
-89.000000	8.910051	0.004545	0.000493	0.000001
-87.000000	8.924321	0.004356	0.000490	0.000001
-85.000000	8.733789	0.004478	0.000529	0.000001
-83.000000	8.392503	0.005204	0.000606	0.000001
-81.000000	7.958201	0.005934	0.000722	0.000002
-79.000000	7.409482	0.006124	0.000899	0.000002
-77.000000	6.794026	0.004756	0.001151	0.000002
-75.000000	6.171302	0.004416	0.001477	0.000003
-73.000000	5.606457	0.003859	0.001853	0.000003
-71.000000	5.118201	0.004842	0.002253	0.000004
-69.000000	4.703345	0.004557	0.002661	0.000005
-67.000000	4.366562	0.005133	0.003046	0.000006
-65.000000	4.022410	0.004606	0.003496	0.000006
-63.000000	3.671691	0.005015	0.004024	0.000008
-61.000000	3.376667	0.004800	0.004529	0.000009
-59.000000	3.161826	0.004553	0.004937	0.000009
-57.000000	3.044778	0.004460	0.005174	0.000009
-55.000000	3.003347	0.004281	0.005261	0.000009
-53.000000	3.011159	0.004337	0.005244	0.000009
-51.000000	3.023142	0.004433	0.005219	0.000009
-49.000000	3.011780	0.004239	0.005243	0.000009
-47.000000	3.041923	0.004107	0.005180	0.000009
-45.000000	3.099239	0.004027	0.005062	0.000008
-43.000000	3.206331	0.004166	0.004849	0.000008
-41.000000	3.359937	0.003885	0.004560	0.000007
-39.000000	3.535369	0.004033	0.004250	0.000007
-37.000000	3.683517	0.003972	0.004005	0.000006
-35.000000	3.768955	0.003739	0.003870	0.000006
-33.000000	3.879976	0.004464	0.003702	0.000007
-31.000000	4.005568	0.003877	0.003520	0.000005
-29.000000	4.155371	0.004204	0.003315	0.000006
-27.000000	4.317507	0.004321	0.003106	0.000005
-25.000000	4.449659	0.004182	0.002946	0.000005
-23.000000	4.533752	0.003755	0.002848	0.000004
-21.000000	4.540383	0.003314	0.002841	0.000004
-19.000000	4.459823	0.003570	0.002934	0.000004
-17.000000	4.368061	0.003868	0.003044	0.000005
-15.000000	4.303871	0.003411	0.003123	0.000004
-13.000000	4.287383	0.002803	0.003144	0.000004
-11.000000	4.326598	0.003631	0.003095	0.000005
-9.000000	4.406861	0.003711	0.002997	0.000004
-7.000000	4.452075	0.003795	0.002943	0.000004
-5.000000	4.451189	0.004142	0.002944	0.000005
-3.000000	4.431446	0.004853	0.002967	0.000006
-1.000000	4.420607	0.003665	0.002980	0.000004
1.000000	4.414750	0.004120	0.002987	0.000005
3.000000	4.426856	0.004343	0.002973	0.000005
5.000000	4.453043	0.004790	0.002942	0.000006
7.000000	4.494223	0.003735	0.002894	0.000004
9.000000	4.493646	0.003814	0.002894	0.000004
11.000000	4.466106	0.003987	0.002927	0.000005
13.000000	4.450334	0.004794	0.002945	0.000006
15.000000	4.474272	0.004091	0.002917	0.000005
17.000000	4.544392	0.003392	0.002836	0.000004
19.000000	4.612166	0.004084	0.002760	0.000005
21.000000	4.690740	0.003722	0.002674	0.000004
23.000000	4.694674	0.005235	0.002670	0.000006
25.000000	4.626712	0.005120	0.002744	0.000006
27.000000	4.500384	0.004772	0.002887	0.000006
29.000000	4.340738	0.003621	0.003077	0.000004
31.000000	4.190077	0.004100	0.003269	0.000005
33.000000	4.053731	0.004026	0.003453	0.000006
35.000000	3.961125	0.004529	0.003583	0.000007
37.000000	3.913583	0.004597	0.003652	0.000007
39.000000	3.831582	0.004114	0.003774	0.000006
41.000000	3.717077	0.005976	0.003952	0.000009
43.000000	3.592740	0.004694	0.004154	0.000008
45.000000	3.477631	0.005323	0.004350	0.000009
47.000000	3.407884	0.004630	0.004473	0.000008
49.000000	3.376111	0.005300	0.004530	0.000010
51.000000	3.387331	0.004362	0.004510	0.000008
53.000000	3.396095	0.004867	0.004494	0.000009
55.000000	3.374743	0.004446	0.004533	0.000008
57.000000	3.379801	0.004770	0.004524	0.000009
59.000000	3.460066	0.005939	0.004380	0.000010
61.000000	3.639901	0.004857	0.004076	0.000008
63.000000	3.917354	0.004816	0.003647	0.000007
65.000000	4.294798	0.004960	0.003135	0.000006
67.000000	4.737940	0.004306	0.002624	0.000005
69.000000	5.197812	0.004568	0.002182	0.000004
71.000000	5.653708	0.004788	0.001818	0.000003
73.000000	6.104343	0.004540	0.001517	0.000003
75.000000	6.544207	0.005488	0.001272	0.000003
77.000000	6.953497	0.004752	0.001080	0.000002
79.000000	7.302222	0.005072	0.000939	0.000002
81.000000	7.589105	0.004459	0.000837	0.000001
83.000000	7.736288	0.006392	0.000789	0.000002
85.000000	7.686482	0.004214	0.000805	0.000001
87.000000	7.453632	0.005376	0.000883	0.000002
89.000000	7.052618	0.002202	0.001038	0.000001
91.000000	6.550551	0.003676	0.001269	0.000002
93.000000	5.975032	0.004461	0.001598	0.000003
95.000000	5.372574	0.004312	0.002035	0.000004
97.000000	4.783373	0.003418	0.002577	0.000004
99.000000	4.215140	0.003691	0.003236	0.000005
101.000000	3.634361	0.004046	0.004085	0.000007
103.000000	2.999968	0.004732	0.005268	0.000010
105.000000	2.405020	0.003862	0.006687	0.000010
107.000000	1.894704	0.004513	0.008205	0.000015
109.000000	1.476091	0.003946	0.009704	0.000015
111.000000	1.152248	0.003942	0.011049	0.000017
113.000000	0.900382	0.003416	0.012223	0.000017
115.000000	0.626525	0.003947	0.013642	0.000022
117.000000	0.361475	0.003230	0.015171	0.000020
119.000000	0.153823	0.003047	0.016488	0.000020
121.000000	0.030560	0.003354	0.017323	0.000023
123.000000	0.000000	0.003303	0.017537	0.000023
125.000000	0.056524	0.003099	0.017144	0.000021
127.000000	0.150261	0.002730	0.016512	0.000018
129.000000	0.165768	0.003195	0.016409	0.000021
131.000000	0.166880	0.002390	0.016402	0.000016
133.000000	0.195900	0.003028	0.016212	0.000020
135.000000	0.295704	0.002729	0.015577	0.000017
137.000000	0.445684	0.003054	0.014668	0.000018
139.000000	0.656835	0.002465	0.013477	0.000013
141.000000	0.882933	0.003094	0.012309	0.000015
143.000000	1.051914	0.002132	0.011503	0.000010
145.000000	1.172804	0.002278	0.010959	0.000010
147.000000	1.299758	0.003238	0.010415	0.000014
149.000000	1.440734	0.002433	0.009843	0.000010
151.000000	1.594504	0.002606	0.009254	0.000010
153.000000	1.745706	0.002859	0.008710	0.000010
155.000000	1.896979	0.002862	0.008197	0.000009
157.000000	2.006419	0.003105	0.007845	0.000010
159.000000	2.046211	0.003195	0.007721	0.000010
161.000000	2.008446	0.003066	0.007839	0.000010
163.000000	1.983822	0.002490	0.007917	0.000008
165.000000	1.979149	0.003304	0.007932	0.000011
167.000000	2.006850	0.003394	0.007844	0.000011
169.000000	2.090968	0.003103	0.007584	0.000009
171.000000	2.197696	0.002435	0.007266	0.000007
173.000000	2.242439	0.003358	0.007137	0.000010
175.000000	2.164629	0.003074	0.007363	0.000009
177.000000	2.021527	0.003326	0.007798	0.000010
179.000000	1.889475	0.002839	0.008222	0.000009
#Window		Free	+/-	
#0	0.000000	0.000000
#1	0.145836	0.001607
#2	0.459696	0.002951
#3	0.025694	0.003448
#4	0.313672	0.004453
#5	2.646009	0.004452
#6	6.268341	0.004690
#7	4.019380	0.004571
#8	1.490689	0.004819
#9	1.265973	0.004635
#10	2.138746	0.004704
#11	2.455960	0.004590
#12	2.510264	0.005101
#13	2.600772	0.005110
#14	2.331978	0.005097
#15	1.621217	0.005631
#16	1.807559	0.005530
#17	4.310956	0.005352
#18	4.341322	0.004717
#19	0.372269	0.005054
#20	-1.660057	0.004300
#21	-1.525794	0.003568
#22	-0.437923	0.002704
#23	0.107270	0.001790
#24	0.000000	0.000000
